/*--------------------------------*- C++ -*----------------------------------*\
| =========                 |                                                 |
| \\      /  F ield         | OpenFOAM: The Open Source CFD Toolbox           |
|  \\    /   O peration     | Version:  v1706                                 |
|   \\  /    A nd           | Web:      www.OpenFOAM.com                      |
|    \\/     M anipulation  |                                                 |
\*---------------------------------------------------------------------------*/
FoamFile
{
    version     2.0;
    format      ascii;
    class       labelList;
    note        "nPoints:5024  nCells:4758  nFaces:16786  nInternalFaces:7004";
    location    "constant/polyMesh";
    object      neighbour;
}
// * * * * * * * * * * * * * * * * * * * * * * * * * * * * * * * * * * * * * //


7004
(
17
23
25
117
6
34
8
20
5
6
137
138
9
23
9
24
11
124
25
14
15
36
14
72
17
18
82
34
63
18
21
109
120
125
21
80
24
26
114
24
125
27
714
111
436
30
32
604
31
33
606
148
707
149
710
270
1384
272
1386
130
36
71
222
45
39
78
374
40
118
354
290
672
304
674
53
359
54
363
49
89
51
90
46
287
47
81
88
318
49
356
250
51
360
253
61
337
93
99
94
100
62
420
65
95
111
116
412
109
119
413
67
339
61
131
375
385
723
97
429
65
126
398
67
75
108
89
389
86
90
72
667
72
668
74
75
107
76
85
84
105
129
97
106
130
116
388
80
126
113
82
127
113
86
117
85
137
87
118
402
397
407
395
401
135
709
1405
136
712
1408
103
135
104
136
96
724
341
399
98
390
641
555
557
384
421
434
383
423
623
378
556
380
558
106
433
391
108
432
338
110
122
1489
112
114
677
128
115
676
437
120
119
120
122
396
123
124
125
128
128
400
130
138
382
624
256
534
642
134
164
300
206
688
357
361
138
450
812
973
143
456
708
144
458
711
442
761
831
333
900
335
1198
146
168
187
203
235
152
236
280
271
456
274
458
154
188
282
185
315
1446
153
184
194
286
155
162
285
683
204
213
473
159
215
477
180
386
483
167
172
161
162
684
259
1421
696
171
687
170
689
346
492
991
349
496
987
168
169
468
467
977
171
252
276
454
976
247
422
469
245
470
912
841
1027
1181
846
1475
1976
193
264
644
297
608
2812
298
610
2815
497
2761
470
578
943
183
184
192
261
1432
693
186
880
227
267
294
477
296
478
246
266
381
277
486
522
288
369
508
193
194
658
659
248
529
956
205
257
647
207
648
685
316
317
406
464
584
815
466
585
810
320
463
525
322
465
527
204
468
307
206
207
645
646
334
514
979
281
515
978
336
518
982
283
519
980
213
471
990
967
215
475
983
921
362
505
1407
243
506
1406
358
501
1404
239
502
1403
226
230
692
222
223
234
509
224
510
226
508
226
237
507
370
530
319
372
531
292
430
536
231
533
640
651
644
658
685
667
690
668
691
473
1453
474
1455
278
533
408
479
498
500
514
326
499
515
329
524
1384
332
526
1386
504
518
325
503
519
247
248
247
248
250
251
394
501
311
502
414
511
419
505
309
418
506
256
434
483
619
258
417
680
688
305
648
303
353
647
263
291
265
289
373
264
265
513
512
284
529
268
269
313
486
485
879
271
347
1497
274
350
274
348
1975
276
676
511
488
540
487
541
649
690
472
516
471
517
476
520
475
521
376
545
286
295
1454
509
682
510
681
290
291
722
721
293
539
532
541
296
1453
296
1454
1462
4039
1464
4042
435
444
1234
301
414
513
645
304
305
549
304
305
307
467
914
452
309
366
675
504
311
351
673
500
313
314
371
488
487
507
480
530
479
531
318
319
682
681
321
1436
328
492
323
1438
331
496
365
544
547
521
1422
517
1433
328
329
598
490
489
331
332
601
494
493
334
1405
1403
336
1408
1406
339
661
339
660
341
342
426
542
497
543
344
1352
1365
1431
2716
346
347
1496
490
489
349
350
494
493
352
722
499
1433
354
417
413
393
535
539
358
359
358
359
362
363
362
363
432
536
660
535
662
367
549
503
1422
445
537
1021
371
372
371
372
374
416
412
425
546
424
547
378
635
707
709
380
637
710
712
383
424
383
425
385
386
427
426
388
389
552
439
438
429
651
431
641
528
545
550
544
551
395
673
552
678
1489
399
400
399
400
402
419
674
443
663
1380
460
523
550
522
538
551
407
408
542
543
410
411
437
439
436
713
1456
1488
415
416
512
1457
1490
419
675
421
1493
573
423
579
627
425
427
724
429
649
431
639
433
433
574
725
3788
437
439
441
442
2790
448
825
4396
1035
1151
445
567
548
447
932
1029
451
906
883
969
451
813
934
451
1210
453
966
916
1396
455
920
1030
1201
457
1028
1189
459
1191
1977
461
528
951
957
484
534
1055
464
1425
893
466
1428
887
468
470
738
472
474
474
476
478
478
480
1032
1340
1556
2610
1341
1558
2613
484
2762
486
1023
488
490
492
833
1435
494
496
835
1437
498
1039
500
502
504
506
508
510
1457
513
515
517
693
519
521
696
523
1025
599
715
598
1388
602
718
601
1390
529
531
533
639
1430
536
568
578
539
540
541
543
545
547
661
726
861
1421
551
672
569
872
2793
571
874
2797
556
592
636
558
594
638
560
1251
704
1324
562
1252
706
1327
593
616
655
595
617
657
616
654
1409
617
656
1412
568
669
1499
570
4340
1064
3802
572
4343
1065
3799
574
1495
618
576
1336
622
629
578
738
1499
664
737
581
1346
2508
733
1458
583
1349
2510
735
1460
586
1424
589
1427
588
697
588
665
820
894
591
700
591
666
826
903
670
636
670
671
638
671
600
614
715
603
615
718
599
600
1389
602
603
1391
605
1385
635
655
607
1387
637
657
609
1069
1478
2388
611
1070
1480
2389
1308
2609
4026
1309
2612
4023
694
1229
695
1231
1322
1325
619
1375
643
716
1228
1410
719
1230
1413
624
624
628
1332
1426
1466
1334
1429
1468
628
664
629
1262
631
703
1312
1369
2756
633
705
1315
1370
2507
726
804
2824
636
638
640
641
643
736
4086
646
646
648
650
651
692
653
737
1498
1296
2464
655
717
657
720
659
683
662
662
1056
2375
2464
733
1033
735
1034
668
1481
2740
1323
1326
673
675
677
1456
679
680
686
1490
682
684
685
687
689
689
691
692
1434
1389
1466
1391
1468
1423
698
732
699
1348
1333
1424
701
734
702
1351
1335
1427
704
1411
1281
706
1414
1282
708
709
711
712
714
716
717
1385
719
720
1387
722
1432
724
726
749
867
1084
1337
769
1505
3952
770
1507
3955
1874
2250
2687
1877
2248
2689
733
1347
735
1350
2743
4084
738
740
743
747
1361
2408
742
744
748
1363
2411
1376
1883
1378
1885
1484
1501
2709
1486
1503
2712
1377
2734
1379
2737
2825
4497
1577
2503
3849
1578
2505
3852
778
1738
3589
779
1740
3590
2570
3577
3755
2572
3578
3759
1103
1741
3324
777
1091
2525
768
809
1079
775
855
1771
761
930
1752
765
773
1504
1828
774
1506
1832
776
849
2538
1100
2547
784
995
1004
786
999
1007
1111
2705
1096
1528
1097
1530
913
3326
4461
845
1098
1777
2325
3953
2327
3956
1087
1859
1093
1809
1094
1795
2658
3810
2660
3812
818
931
1128
782
1080
1731
2399
2788
1839
2636
2662
2637
2661
1840
2638
2666
2639
2665
793
928
1969
1084
1088
1109
942
1087
1110
1090
1094
1106
950
1093
1107
799
923
2037
819
1136
795
1905
2466
1594
1596
1066
1241
2315
798
1142
1513
1508
1935
807
1138
806
924
1132
802
918
1864
889
2066
862
1078
1102
1153
1359
1089
1154
1360
807
1134
1146
809
823
1152
1420
904
1122
857
869
1134
813
909
838
877
1114
1119
895
1120
1108
1110
1908
1105
1107
1923
819
1130
1140
821
1058
856
3996
828
1149
1901
1083
1150
825
854
884
4397
827
1059
850
2034
829
1143
1522
2023
831
832
929
974
908
972
834
1041
1135
1140
836
1043
1137
1146
940
1127
1130
1161
1167
917
935
975
915
933
1166
843
1164
843
1129
1165
992
1011
1080
2787
1012
1081
848
1158
848
1133
1159
988
850
949
1034
1361
2293
2736
1363
2294
2739
854
2042
4397
2086
856
941
1033
891
1159
1113
1174
2009
1920
2094
2414
1118
1163
1168
1156
1359
1157
1360
939
1160
1167
865
1125
1910
1963
2208
896
985
1115
1278
1860
876
968
1395
907
1132
1806
1881
2399
1166
1176
1396
873
1046
998
1357
875
1047
1002
1358
901
1182
878
1163
911
1186
880
881
1185
952
1186
962
1138
2038
884
885
1147
1131
1148
1035
1200
1352
1192
1438
1137
1193
1437
1155
1321
1031
1171
1392
1172
1393
899
1112
1174
946
1436
895
1058
2097
963
1117
1092
1136
1194
1135
1195
1435
1168
4071
1189
2803
1190
2801
927
1124
1246
904
1059
2014
948
1158
1172
1183
1392
1184
1393
909
1128
1161
911
1114
1180
1188
958
964
1103
2720
916
917
916
917
919
1154
1170
1321
921
1019
1053
984
1199
1474
924
2017
1148
926
927
2065
1125
2045
1126
930
931
930
931
934
935
934
935
1270
2556
2579
1272
2558
2582
953
1150
1152
940
1176
1165
942
2780
1108
1036
1196
1037
1116
1197
1082
1121
1194
1120
1195
948
1178
1475
1202
950
2777
1105
1024
1187
1026
1188
1056
1209
1060
1279
1440
1062
1280
1443
957
958
1203
1204
3515
3825
4478
3518
3829
4481
962
1085
1123
1193
965
1197
965
1196
986
967
968
1051
1050
971
2792
971
1131
1184
1211
973
974
2791
2790
977
1044
977
1045
979
1208
2803
982
1205
982
1198
1206
1053
1205
1052
1206
986
1180
1204
989
1043
989
1042
1978
1051
1208
1041
1048
1040
1049
1200
1365
2117
1055
1366
1431
997
998
997
998
1061
1303
1001
1002
1001
1002
1063
1305
1143
1149
1209
1005
1006
1357
2575
2073
2574
1008
1009
1358
2577
2077
2576
1012
1104
1521
1012
1520
1014
1064
1500
1242
1284
1016
1065
1502
1244
1286
1155
1246
2067
1020
1178
1474
1020
1177
1052
1036
1156
1037
1101
1157
1025
1026
1025
1026
1028
1049
1497
1031
1044
1031
1045
1039
1446
2780
2777
1381
1037
1039
1445
2761
1041
1139
1043
1145
1045
1060
1415
1062
1417
1049
1496
1051
2802
1053
1055
1207
4070
1273
1058
2096
3995
2105
1061
1440
1063
1443
2794
2798
1144
1353
1069
1328
1462
1070
1329
1464
2626
2628
1532
1962
2223
1736
1959
2782
1743
2244
3327
1810
2409
3811
1813
2412
3813
1940
2749
4010
1942
2751
4013
1089
2082
1083
1891
1081
1837
1092
1848
1902
2085
1086
2036
1907
1991
1088
1979
1866
1091
1966
1984
1970
1094
1873
2043
2087
1218
2349
1219
2351
1099
1104
2088
4092
4091
4396
1102
1116
2204
1982
2051
2776
1107
1339
2779
1110
1338
1987
2007
1113
1118
2209
1115
1875
1117
1876
1119
2820
1121
1952
1123
1192
1906
3871
4665
1126
2095
1128
1160
1130
1139
1132
1134
1145
1136
1138
1140
1142
1522
2728
1310
1144
1523
1146
1148
2019
1150
1152
1419
1154
1169
4054
1157
1159
1161
1163
1185
1447
1165
1175
1167
1448
1170
2824
1295
1172
1202
1174
1207
4071
1176
1394
1178
1201
1180
1187
1203
1182
1190
1394
1184
1210
1186
1188
1190
1199
1476
1193
1195
1197
1199
1419
1202
1204
1206
1367
2802
1353
1211
2791
1213
1274
2278
1306
2549
1215
1276
2555
2540
2823
2323
2376
4004
2377
2828
3285
1517
2700
1519
2702
2112
2122
2630
2113
2126
2633
1264
2563
2811
1266
2562
2808
1232
1293
2622
1233
1294
2624
1362
2372
2502
1364
2374
2504
1229
1313
1559
1231
1316
1561
1514
1516
1515
1518
1481
2407
1505
1525
3903
1507
1527
3907
1371
1483
2821
1307
2278
2552
1260
2609
4027
1261
2612
4024
1310
1523
1243
2370
1485
1501
1245
4502
1487
1503
4056
2784
3910
4033
2785
3912
4036
2410
2568
3811
2413
2569
3813
1281
2596
1282
1283
1254
1263
2603
1548
2550
1256
1265
2604
1550
2541
1516
1563
3880
1518
1564
3883
2407
2554
2823
1328
2626
1329
2628
1336
2465
1264
1275
2651
1266
1277
2654
1287
1369
1540
1290
1370
2830
1270
1909
2779
1459
1272
1924
2776
1461
1354
3792
1275
2652
2548
1277
2655
2539
1299
2119
1416
1914
1418
1918
2755
2506
2527
2795
4007
1286
3887
4501
2799
1288
1312
1289
1313
1545
1559
1291
1315
1292
1316
1546
1561
1450
1551
1452
1553
2560
2566
1542
2742
1298
2112
2120
1299
1374
1337
1301
2113
2124
1368
4052
1303
1946
1956
1441
1305
1950
1958
1444
1307
2430
1543
1555
2258
1557
2260
2217
1312
1313
1410
1315
1316
1413
1536
2556
2580
1538
2558
2583
1566
2563
2653
1568
2562
2656
2567
1323
1411
1324
1326
1414
1327
2611
2614
1441
1945
1995
1444
1949
1999
1333
1547
2810
1335
1549
2807
2527
1338
2121
1368
2125
1471
3837
1473
2247
1343
1471
1566
1463
2611
1345
1473
1568
1465
2614
1347
2723
1348
2809
1350
2726
1351
2806
2717
1354
2395
1397
2449
2735
1400
2450
2738
4338
4341
1360
1362
2568
1364
2569
1366
1367
2008
1968
2774
1371
1372
1373
2742
1542
2507
1983
2675
1383
1495
1377
2759
1397
1379
2760
1400
1381
2707
1382
1544
2717
2594
4086
1385
1387
1389
1426
1391
1429
1393
1395
1396
1399
1399
2631
2676
2316
1402
1402
2634
2678
2318
1404
1405
1407
1408
1410
1411
1413
1414
1416
2793
2599
1418
2797
2602
1420
2116
1423
1423
1425
1426
1428
1429
1431
2744
1434
1434
1436
1438
1440
1441
1799
1443
1444
1803
1448
4069
1447
1448
1450
1478
2623
2619
1452
1480
2625
2621
1455
1455
1457
1459
2781
2578
1461
2778
2581
1463
1565
1465
1567
1467
1548
1560
1469
1550
1562
1471
1570
2653
1473
2656
3992
1476
1476
1478
2618
2814
1480
2620
2817
1482
1483
2822
2741
1485
4026
2257
1487
4023
2259
1489
1490
2257
2369
3386
2259
3808
4502
1494
1495
2595
1497
1499
2740
1501
3801
1503
3798
1505
1671
1507
1672
2415
2501
1511
1662
3043
1512
1664
3045
1816
2750
1820
2752
2218
2500
1552
2700
1554
2702
1517
1529
1519
1531
1521
1879
4074
1523
1525
1528
3695
3902
1527
1530
3696
3906
1529
3878
1531
3881
1630
3279
2332
2598
3648
2335
2601
3886
1544
2552
2707
1537
2814
2618
2695
1539
2817
2620
2698
1541
1545
2429
2549
3818
1544
2804
2551
2542
2831
1548
2603
1550
2604
1552
4006
2683
1554
4003
2685
1556
3508
2320
1558
3627
3490
1560
2551
1562
2542
2529
2840
2531
2842
1566
4041
1568
4044
1570
2277
2652
3836
1652
3016
4570
1653
3017
4572
1574
1639
4742
3378
4378
1576
1641
4744
3379
4380
1590
4448
1592
4444
1727
3617
4419
1728
3618
4417
2049
2304
3250
4098
4215
4096
4217
1604
1647
3662
1602
1649
3676
1702
2403
2886
1703
2405
2887
1626
3814
1629
3816
1591
2903
1724
3850
1593
2905
1726
3853
1595
1684
1847
3334
1597
1763
1651
4436
1601
3041
3398
1634
3677
1636
3679
1602
3431
3751
1604
3424
3789
3748
2267
2488
3236
2269
2490
3240
1716
2048
3102
1655
2323
2731
2378
3286
4435
1644
1790
2922
1646
1793
2923
2025
2328
2953
2029
2330
2951
3708
3958
1622
2669
3709
3711
3960
1623
2672
3712
2070
2419
3323
2072
2421
3319
2588
4249
2591
4251
3840
3959
3843
3961
1626
2431
1626
2432
3928
1629
2433
1629
2434
3931
2223
3281
2378
3116
4434
2153
3178
3309
1634
2431
3538
1636
2433
3540
2423
3699
2426
3701
1640
2226
1675
1829
1642
2228
1677
1833
2435
4219
2436
4220
2438
4221
2439
4222
1648
2640
1705
3072
2642
4046
1730
2398
3335
1686
2137
3294
4285
3298
4286
1861
2151
3093
1656
3765
1842
2139
1775
2147
3244
1936
2155
2536
2271
2273
2272
2275
2054
2253
2309
2254
2310
2056
2255
2311
2256
2312
3719
3747
3717
3750
1708
2303
2521
1706
2299
2517
2435
2451
2438
2454
2534
3904
2535
3908
1714
2057
2155
1675
1693
3973
1791
1677
1696
3975
1794
3516
3969
4034
3519
3971
4037
1981
2132
2163
2271
2457
2272
2459
1712
1892
2081
1685
1686
2156
3332
2157
2291
3958
2292
3960
3273
3983
3276
3981
1692
1693
1789
2382
2436
2305
1695
1696
1792
2383
2439
2307
2451
2457
2454
2459
2321
2588
2322
2591
1747
2068
2169
2564
3447
2565
3449
1705
1706
2313
4048
4049
1708
2314
3161
3176
1825
1903
2024
1870
3293
3940
1872
3297
3942
1713
1865
1719
1785
1788
2165
1755
1844
1922
1717
1742
1746
3195
1778
1851
2149
2180
2644
1838
2149
2174
2148
2168
2175
2131
2177
2763
2287
4198
2288
3610
2289
4202
2290
3611
2264
4063
2263
4061
1880
2154
2165
1731
1732
3754
2134
3753
2346
2390
4063
2347
2391
4061
1736
1753
4405
1779
1738
2495
2584
3642
1740
2497
2586
3644
1743
2185
1743
2186
2164
2191
2789
2063
2118
2185
2061
2186
1748
2175
1846
2135
2321
3703
2322
3705
1824
2136
2153
1971
2546
1754
2193
2039
2107
2181
2401
2164
2182
2400
1758
2295
4350
2236
3596
1760
2297
4351
2238
3598
1805
2156
2398
1807
2136
2157
1764
2392
2006
2138
1766
2333
2597
1912
2026
1768
2336
2600
1916
2030
3136
3239
3922
3139
3243
3925
2166
3996
1857
2167
3995
2423
3890
2426
3892
2106
2161
1777
1778
1836
2092
2091
2193
2224
1890
2083
2705
1826
2115
2170
2114
2162
2171
2291
3890
2292
3892
1786
2173
1827
2179
1921
2181
2479
2182
2478
1790
1791
4743
4742
1793
1794
4745
4744
1796
1808
2016
2479
1799
1800
1993
1799
1800
1913
4213
1803
1804
1997
1803
1804
1917
4209
1806
1807
2515
2516
1809
2480
2058
1812
2253
1812
2254
4384
2606
1815
2255
1815
2256
4386
2608
1818
1819
1818
1819
3731
4306
3775
1822
1823
1822
1823
3735
4308
3778
2195
2516
1826
1827
2471
2470
1830
1831
1830
1831
3974
2225
1834
1835
1834
1835
3976
2227
1837
1838
3754
3753
3741
4332
3744
4335
1842
2198
4094
2730
1844
1845
1854
2194
2152
2195
1847
2468
2466
1973
2188
1972
2148
2189
2414
2616
4470
1852
2189
2197
2545
1854
2133
2143
2184
2491
3713
2492
3715
1953
2169
1859
1980
2467
2187
2062
2158
2064
2159
2287
3894
2289
3897
1866
3346
1866
2180
2686
3784
4031
2688
3772
4029
1870
3299
3973
2324
1872
3303
3975
2326
2052
2758
2521
3784
1876
2819
1889
2517
3772
2142
2145
2523
2101
2190
2100
2191
1882
2402
2400
2789
1884
4595
2053
2769
1886
4598
2055
2772
1992
2101
4072
1889
2818
3989
2204
1891
1892
2172
2173
1894
2606
4385
3643
3804
1896
2608
4387
3645
3806
3226
3471
4378
3060
3470
4379
3228
3473
4380
3063
3472
4381
1902
1903
2178
2179
2471
2646
2764
2084
2392
1907
2013
1937
1909
2121
2123
2111
2176
2110
2177
3117
1914
1915
1914
1915
2140
1918
1919
1918
1919
2141
2109
2615
1922
2099
2184
1924
2125
2127
2093
2109
2162
2108
2163
4458
1929
1930
1944
1929
1930
2571
2240
1955
1933
1934
1948
1933
1934
2573
2242
1957
2094
2728
1938
1939
1938
1939
2021
2015
1941
2767
2309
2768
1943
2770
2311
2771
1946
1947
1946
1947
2001
1950
1951
1950
1951
2003
2097
2200
2096
2201
2088
2547
4093
1956
2664
2661
1958
2668
2665
1961
1962
1961
1962
2299
2518
2111
2680
3568
3681
3571
3683
1968
2102
1968
2040
2103
1970
1971
2196
2197
1973
1974
2200
2168
2201
1977
1978
1977
1978
1980
4077
2084
2171
2763
2118
2718
2119
2718
1986
2160
1986
2146
2161
2524
2210
2706
2069
3656
3946
2071
3655
3950
1991
1992
2207
2202
2203
1995
1996
1995
1996
2386
3199
1999
2000
1999
2000
2387
3203
2002
2279
2231
2280
2004
2281
2233
2282
2006
2151
3173
2394
2009
2116
2009
2117
2219
2598
2796
2601
2800
3887
2018
2089
2758
2014
2015
2105
2104
2099
2526
2018
2019
2087
2086
2021
2022
2154
2202
2100
2203
2024
2727
2115
2027
2028
2027
2028
2140
2334
2031
2032
2031
2032
2141
2337
2034
2104
2536
2538
2210
2704
2818
2038
2090
2038
2089
2040
2041
4052
4050
4406
2043
4091
2211
2150
2159
4076
2046
2047
2646
2765
2176
2766
2049
2244
2245
2051
2052
2211
4074
4073
2054
2408
2409
2056
2411
2412
2059
2060
2059
2060
2537
2478
2063
2064
2063
2064
2067
3266
2067
3267
2167
2468
2070
2341
2338
2072
2345
2342
2075
2076
2075
2076
2237
2637
3786
2079
2080
2079
2080
2239
2639
3787
2082
2083
3990
3991
4075
2158
4077
2087
2092
2090
2207
2092
2545
2094
2729
2208
4665
2097
2099
2183
2523
2101
2103
2160
2107
2105
2107
2192
2109
2199
2111
2198
2675
2677
2115
2729
2117
2119
2121
2122
2123
2557
2125
2126
2127
2559
2329
2845
3376
2331
2847
3377
3115
3482
4633
2132
3363
3069
2152
3177
2135
2174
3333
2137
3308
4059
4437
2978
4095
4212
4208
2143
2183
4017
2145
2146
2524
3071
2147
3364
2149
2151
2393
2153
2155
2157
2159
2161
2163
2165
2167
2187
2169
2171
2764
2173
2178
2175
2177
2179
3347
2182
2184
2186
2469
2189
2196
2191
2787
2193
2222
2195
2514
2197
2681
2617
3114
2201
2203
3990
2329
2334
2833
2331
2337
2835
2757
4659
2210
2820
4092
2844
3469
3763
2846
3462
4625
2838
3803
4109
2839
3800
4111
2848
4053
4409
2218
3551
3467
3646
4007
2759
4596
4723
2760
4599
4720
2224
3246
2224
2226
2534
4379
2228
2535
4381
3495
3905
4079
3498
3909
4082
2232
2240
2444
3547
2234
2242
2447
3549
2679
4626
4659
2237
4356
2296
2239
4358
2298
2241
2444
3577
2243
2447
3578
2246
2246
2303
2522
2849
3992
2249
2313
2641
4087
2251
2314
2643
4089
2320
2358
3837
2254
2256
2258
3509
2260
3629
2753
3914
4033
2754
3916
4036
2422
3387
2420
3389
2404
2474
2564
2406
2477
2565
2268
3436
2671
3201
2270
3438
2674
3205
2472
2475
2274
3256
2404
2472
2276
3259
2406
2475
2278
2553
2280
2386
3838
2282
2387
3841
2284
2512
2543
3681
2286
2513
2544
3683
2288
3896
2290
3899
4425
4428
2372
3947
2374
3951
2296
4332
2636
2298
4335
2638
2300
3002
3280
2647
2784
4701
2649
2785
4699
2304
3968
2306
3301
2382
2474
2308
3305
2383
2477
2310
2749
2312
2751
2641
2643
2395
3612
2317
2759
2631
2694
2319
2760
2634
2697
2397
2585
2587
3369
2325
3954
3974
2327
3957
3976
2329
3025
2331
3023
2333
2832
2334
2336
2834
2337
2339
2341
3409
4064
2341
2371
3947
2343
2345
3411
4062
2345
2373
3951
3729
4419
3727
4417
2349
2352
3952
2701
2351
2355
3955
2703
2353
3941
2354
2359
2701
3911
2356
3943
2357
2362
2703
3913
2463
3793
2360
2753
2361
2367
3914
4285
2363
2754
2364
2368
3916
4286
2420
3321
4372
2422
3317
4370
3292
3940
3296
3942
2370
3445
4008
2372
3619
2374
3621
2708
3793
2679
2731
2379
2616
2379
2617
2851
4596
4725
2853
4599
4722
2453
2456
2441
2461
3846
2442
2462
3848
2671
2674
2623
2627
2625
2629
3410
3475
3412
3477
2394
2394
4075
2396
2397
3792
3613
2399
2401
2402
2514
2404
3255
2406
3258
3788
2410
2410
2413
2413
2415
3774
2850
3994
4498
2852
4594
4701
2854
4597
4699
2420
4064
2422
4062
2425
2425
2445
3548
3891
2428
2428
2448
3550
3893
2430
2773
2804
2432
3537
2434
3539
2437
2437
2452
2440
2440
2455
3743
4065
3746
4067
2444
2445
3998
3700
2447
2448
4000
3702
2676
2719
2678
2732
2452
2453
2458
2455
2456
2460
2458
2473
2460
2476
2691
3150
2693
3151
2499
2708
2465
3818
2467
2469
2469
2471
2644
2473
2474
2476
2477
2480
2480
2482
2491
2483
3220
2691
3758
2485
2492
2486
3224
2693
3762
2488
3119
3437
3922
2490
3121
3439
3925
3758
3762
3291
3302
3446
3295
3306
3448
2496
3867
2585
3704
2498
3869
2587
3706
2553
3836
2501
3392
3773
2503
2657
3620
2505
2659
3622
2507
3819
2509
2578
2721
4040
2511
2581
2724
4043
3690
3693
2515
2516
2518
2783
3569
3682
3827
3572
3684
3831
2522
2786
2526
2525
2526
3819
2529
2710
4108
2622
2531
2713
4110
2624
2574
4280
4731
2576
4283
4728
3058
3061
2537
2538
2540
2541
2831
2542
3691
3832
3694
3834
2546
2547
2549
2550
2551
2553
2555
4496
3994
2557
2632
2559
2635
2561
3844
2825
4498
2725
2722
3300
3304
2567
4408
4055
2657
2659
2571
3845
2663
2573
3847
2667
2575
3454
2577
3455
2579
2580
2813
2582
2583
2816
2590
3643
2590
2593
3645
2593
2589
2590
3805
2592
2593
3807
2595
2755
2596
2598
2599
2796
2601
2602
2800
2811
2808
2606
3642
3810
2608
3644
3812
2610
2611
2613
2614
2616
2617
2619
4005
2621
4002
2623
2625
2627
2710
2629
2713
2631
2632
2695
2634
2635
2698
2637
2639
2641
3661
2643
3675
2645
2646
3268
2648
3911
2852
4486
2650
3913
2854
4488
2652
2653
2655
2656
3993
2658
3849
2660
3852
2664
2663
3741
2664
2668
2667
3744
2668
2670
3165
2671
3839
2673
3166
2674
3842
2676
2678
4051
2680
2681
2730
2683
2851
4486
4725
2685
2853
4488
4722
2687
3656
3320
2689
3655
3316
2691
3755
3846
2693
3759
3848
2696
4723
2696
4005
2699
4720
2699
4002
4487
4487
4489
4489
2706
3989
2706
2708
2711
4028
4028
3801
4109
2714
4025
4025
3798
4111
2716
2744
2805
2717
2719
2720
4459
2722
2723
4041
2809
2725
2726
4044
2806
2728
2729
2731
2733
4050
4407
4644
2735
2736
4459
3944
2738
2739
4644
3948
2741
2742
2744
2775
2746
3720
3748
3662
4102
2748
3718
3751
3676
4105
2750
3821
2752
3823
3910
3912
2756
4085
2758
4073
2762
4070
2766
2765
2766
2768
4700
2769
4594
2771
4698
2772
4597
2775
2805
2775
4084
2778
2778
2781
2781
2783
3277
3772
3970
3972
3325
3784
2788
2789
2792
2792
2794
2795
2796
2798
2799
2800
2802
2803
2805
2807
2808
2810
2811
2813
2814
4040
2816
2817
4043
2819
2820
2822
2830
2823
2825
3260
3902
4078
3261
3906
4081
3469
4470
2832
3418
3763
2831
2833
2844
2835
4628
2846
2881
3024
3432
2879
3022
3434
2841
4112
2843
4113
2841
4108
3880
2843
4110
3883
2845
2987
2847
2986
3628
3873
2850
3490
3844
2852
2854
2860
2902
3167
4183
4524
4602
3511
4578
4637
3512
4581
4639
2919
4602
4635
4120
4683
4327
4605
4667
2863
4432
4522
4260
4413
3343
3458
4123
3345
3460
4124
2882
2889
4271
2880
2892
4274
2870
2957
4134
3056
3900
4635
4125
4702
2980
3558
4490
2981
3559
4493
3456
4516
2875
2965
3929
3426
3605
2877
2968
3932
3429
3607
3781
4517
4686
2936
4233
2938
4234
2940
4231
2942
4232
3450
4649
3403
4688
3405
4690
3153
4440
3156
4443
2890
3585
2890
3586
4168
2893
3587
2893
3588
4170
2939
3144
3428
2943
3147
3425
2956
4181
4185
3440
3585
3441
3587
3552
4243
3553
4245
3375
3637
4326
3373
3624
2904
3610
3380
4449
2906
3611
3381
4446
3422
3451
3403
3407
3405
3408
2916
3414
3541
2917
3416
3544
3581
4661
3583
4663
2973
3113
3163
3164
3350
4205
3691
4174
3694
4176
3421
4756
2972
3055
3407
3581
3408
3583
3935
4294
3938
4297
2925
3110
4575
3103
4375
3440
3604
3441
3606
3252
3698
3967
3504
4361
3506
4364
3560
4290
3552
3600
3553
3601
3463
3593
3465
3594
2938
2939
2938
2939
3769
2942
2943
2942
2943
3766
3459
3963
4654
3461
3965
4657
3037
3131
3134
3422
3660
3187
3480
3901
2971
4180
4206
4152
4182
4204
2952
3145
3082
4210
2954
3148
3078
4214
2956
2983
3698
4523
2958
3208
2977
4499
3421
4277
3569
4733
4738
3572
4735
4741
4311
4316
4314
4318
2966
3725
2966
3815
3604
2969
3726
2969
3817
3606
2971
2972
3130
4184
4186
2974
2975
3247
4299
2982
4298
3370
3623
3765
2978
2979
4412
3207
4411
3471
4655
3473
4658
3099
3355
2984
2985
3251
4375
4179
4374
3401
3688
3399
3686
3565
4352
3566
4354
2992
3202
4211
2992
3200
3238
3048
2995
3206
4207
2995
3204
3242
3051
3658
4258
3595
4259
4413
4235
4300
4237
4303
3395
3579
3637
3366
3580
3636
3003
4049
3038
3086
4320
4344
4322
4345
3007
4586
4673
3329
4080
3009
4589
4675
3331
4083
3630
4352
3631
4354
3630
4241
3631
4242
3015
3697
4414
3966
4400
3446
4438
3448
4441
3101
3354
3357
3170
3397
3764
3638
4195
3640
4199
3653
3979
3654
3980
3649
3977
3650
3978
4344
4392
4345
4393
3030
3031
3314
3030
3031
3237
3047
3138
3034
3035
3312
3034
3035
3241
3050
3141
3442
3657
3215
4021
3213
4020
3098
3186
3521
3042
3651
3042
3652
3311
3044
4384
3775
4612
3046
4386
3778
4614
3048
3049
3077
3065
3079
3051
3052
3081
3067
3083
3452
3677
3453
3679
3056
3057
3480
3128
3479
3059
3060
3495
3905
3494
3062
3063
3498
3909
3497
3095
3209
3307
3066
3425
3315
3427
3068
3428
3313
3430
4225
4457
4226
4456
4634
3217
4017
3554
3790
3442
3560
3593
4392
3594
4393
3078
3079
3149
3078
3079
3082
3083
3146
3082
3083
3086
3087
4048
3086
3087
3188
3097
3090
3091
3162
3090
3091
3129
4203
3132
3093
3111
3174
3198
3651
3658
3096
4058
3159
3172
3098
3554
3556
3357
4016
3171
3351
3358
3350
3359
3104
3105
3104
3105
3197
3253
4243
4249
4245
4251
3110
3111
3352
3110
3111
3196
3133
3284
4022
3135
3282
3116
4458
3116
4456
3363
4094
3523
3632
3524
3633
3525
3634
3526
3635
3123
3983
3506
3616
3125
3981
3504
3615
3420
3638
3419
3640
3130
3131
3130
3131
3134
3135
3134
3135
3137
3138
3538
3678
3537
3140
3141
3540
3680
3539
3452
3632
3453
3634
3146
3979
3146
3980
3149
3977
3149
3978
3219
3670
3223
3673
3154
4750
3154
4751
4144
3157
4752
3157
4753
4147
3356
3359
3361
3358
3362
3161
3175
4045
4046
3163
3164
3355
3354
3436
3918
3438
3920
3169
3170
3169
3170
3721
4394
3172
3353
4060
3174
4059
4057
3176
3966
3968
3178
3269
3211
3181
3703
3181
3704
3868
3263
3184
3705
3184
3706
3870
3265
3187
3188
3214
3187
3188
3232
3699
3231
3700
3999
3235
3701
3234
3702
4001
3420
4098
3419
4096
3197
3198
3197
3198
3201
3202
3201
3202
3205
3206
3205
3206
3208
3383
3385
3211
3362
3211
3270
3361
3214
3215
3479
3214
3215
3217
4016
4298
3364
3220
3221
3220
3221
3668
3224
3225
3224
3225
3671
3227
3378
3861
4490
3229
3379
3865
4493
3232
3713
3232
3714
3235
3715
3235
3716
3238
3239
3238
3239
3242
3243
3242
3243
3246
3247
3246
3247
3283
3600
3732
3601
3736
3252
3253
3252
3253
3256
4750
3256
4751
3259
4752
3259
4753
4106
4730
4107
4727
3263
3894
3895
3265
3897
3898
3267
3268
3346
3347
3270
4018
3360
3273
3717
3273
3718
4104
3276
3719
3276
3720
4101
3278
4405
4407
4646
3280
4022
4020
3283
3284
3283
3284
3286
3365
3368
3288
3463
3464
3483
3290
3465
3466
3486
3293
3294
3293
3294
3297
3298
3297
3298
3301
3302
3301
3302
3305
3306
3305
3306
3309
4437
3309
4436
3311
3750
3431
3313
3931
3932
3315
3928
3929
3318
3319
3318
3319
4087
3322
3323
3322
3323
4089
3326
3327
3326
3327
3329
3393
3494
3496
3331
3394
3497
3499
3334
3335
3334
3335
3337
3483
3485
3669
3339
3486
3488
3672
3341
3747
3424
3657
3343
4607
4672
3963
3345
4609
4674
3965
3347
3803
4112
4340
3800
4113
4343
3351
4150
3353
4057
4151
3355
3357
3360
3359
4019
3362
4500
4299
3368
3685
3367
3368
3374
4652
3370
3687
3371
3372
4648
3623
4382
4383
4683
3636
4376
4377
4667
3399
3650
3401
3654
3859
3863
3529
4197
3530
4201
3564
3595
4401
3385
3397
3385
3492
4702
3510
3888
3388
4371
3505
3618
3390
4373
3507
3617
3392
3417
3647
3468
3962
4398
3964
4399
3396
4402
3858
4326
3491
3564
4047
3400
3433
4651
3402
3435
4647
3404
3459
3608
3406
3461
3609
3608
3609
3410
3619
4450
3412
3621
4445
3414
3824
4472
3833
3416
3828
4475
3835
3418
3773
3648
3478
3476
3723
3423
3724
3857
3749
3427
3427
3766
3430
3430
3769
3752
3433
4230
3649
3435
4229
3653
3437
3918
3439
3920
3768
3771
3444
3444
3555
3791
3562
3474
3889
3447
4438
3449
4441
4277
3857
4162
3924
3927
4339
4729
4342
4726
3457
3660
3781
3459
4689
3461
4691
3687
4004
3464
4189
3466
4193
3468
3889
3474
3685
3471
4398
3473
4399
4009
3729
4451
3639
3730
3727
4447
3641
3728
3480
3482
3579
4148
4434
3484
3485
3794
4066
3487
3488
3796
4068
3490
3628
4410
3492
3721
3493
4278
4650
3496
3496
3499
3499
3625
4247
4578
3626
4248
4581
3731
4301
4307
3735
4304
4309
3505
3986
3507
3988
3509
3613
3510
3614
4261
4705
4264
4708
3777
4244
4611
3780
4246
4613
3517
3535
3517
4263
4035
3520
3536
3520
4266
4038
3522
3901
3561
4291
3524
3707
3919
3526
3710
3921
3602
4439
4571
3603
4442
4573
3639
4451
3641
4447
3532
3969
4011
4263
4638
3534
3971
4014
4266
4640
4262
4736
4265
4739
3538
3540
3543
4472
3543
3602
4312
4571
3546
4475
3546
3603
4315
4573
3548
3838
4426
3550
3841
4429
3614
3888
3777
3780
3557
3556
3557
3561
3790
3582
4662
3584
4664
3562
3562
3564
3652
3659
3936
4293
3939
4296
3568
4732
3569
3571
4734
3572
3574
4321
4462
4561
4692
3576
4323
4463
4563
4695
3998
4000
3580
4435
3582
4653
3584
4656
3586
3767
3588
3770
3851
3867
3854
3869
3915
4285
4473
3917
4286
4476
3663
3664
3659
3597
4453
4560
4746
3599
4455
4562
4748
3734
3738
4317
4319
3605
3768
3607
3771
4653
4656
4196
4200
3613
3614
3982
3986
3984
3988
4365
4362
3620
4450
3622
4445
3624
3764
4236
4301
4238
4304
3628
3629
3808
3860
3864
3633
3924
3635
3927
3637
3639
3641
3643
3645
3647
3648
4009
3650
3652
3654
4030
4032
3791
3659
3724
3662
3674
4188
4421
4192
4423
4704
4732
4707
4734
3675
4090
4103
3669
3670
4066
3672
3673
4068
4088
4100
3676
3678
3923
3680
3926
3682
3832
3684
3834
3686
4652
3688
4648
3690
4173
3691
3693
4175
3694
3879
4106
3882
4107
3698
4525
3700
3702
3704
3706
3708
3709
3919
3711
3712
3921
3714
3757
3716
3761
3718
3720
3722
3723
4395
4278
3782
3815
3817
3728
4097
3730
4099
3733
3734
4154
3734
3776
3737
3738
4156
3738
3779
3850
3868
3896
3853
3870
3899
3742
3743
3845
4333
3745
3746
3847
4336
3749
3749
3752
3752
3754
3756
3757
3999
3758
3760
3761
4001
3762
4471
4411
4412
3767
3768
3770
3771
3774
4471
3776
3777
3779
3780
3782
3783
3858
4404
3809
4503
4716
4280
4356
4283
4358
4497
3790
3791
3793
3795
4187
4065
4334
3797
4191
4067
4337
3799
3800
3802
3803
3805
4611
4250
3807
4613
4252
3809
3873
3811
3813
3815
3930
3817
3933
3819
3821
4306
4638
4011
3823
4308
4640
4014
3825
4480
3826
3827
4737
3833
3829
4483
3830
3831
4740
3835
3833
3835
3837
3839
3840
4426
3842
3843
4429
4408
3846
3848
3851
3851
3854
3854
3856
3857
4604
3858
4327
3861
3934
3862
4353
3862
4492
3865
3937
3866
4355
3866
4495
3868
3870
3872
4716
3873
4053
3875
4350
4746
4190
4747
3877
4351
4748
4194
4749
3879
3880
4468
3882
3883
4465
3885
3886
3997
3887
4501
4628
3889
3891
4427
3893
4430
3895
3896
3898
3899
3901
4172
3903
3904
3905
3907
3908
3909
3911
3913
3915
4479
3917
4482
3919
3921
3923
3924
3926
3927
3930
3930
3933
3933
3935
4743
3936
4353
3938
4745
3939
4355
3941
3954
3943
3957
3945
4460
3946
4032
3947
3949
4645
3950
4030
3951
3953
3954
3956
3957
3959
4425
3961
4428
3963
4673
3965
4675
3967
3968
3970
4012
3972
4015
3974
3976
3978
3980
3982
4101
3984
4104
3986
4100
4371
3988
4103
4373
3991
3991
3993
3994
3996
4505
4714
3999
4001
4003
4721
4625
4006
4724
4008
4009
4011
4012
4700
4014
4015
4698
4019
4018
4019
4021
4022
4024
4025
4027
4028
4030
4646
4032
4461
4034
4035
4479
4037
4038
4482
4040
4041
4043
4044
4047
4400
4047
4049
4051
4052
4056
4055
4056
4409
4060
4059
4060
4062
4064
4066
4068
4070
4071
4073
4074
4076
4077
4079
4551
4080
4584
4082
4550
4083
4587
4085
4086
4088
4370
4090
4372
4093
4093
4095
4499
4097
4418
4099
4420
4102
4102
4105
4105
4469
4466
4109
4111
4468
4465
4116
4130
4526
4117
4131
4527
4227
4565
4228
4568
4542
4676
4718
4349
4538
4679
4289
4394
4564
4710
4567
4712
4328
4689
4330
4691
4126
4127
4159
4632
4137
4630
4592
4603
4623
4754
4255
4367
4257
4369
4267
4546
4268
4548
4135
4136
4158
4226
4225
4500
4253
4703
4269
4431
4258
4431
4320
4710
4322
4712
4144
4316
4144
4317
4440
4147
4318
4147
4319
4443
4149
4402
4403
4633
4151
4152
4575
4574
4154
4300
4302
4156
4303
4305
4159
4160
4687
4159
4160
4634
4162
4603
4606
4239
4287
4754
4756
4241
4661
4242
4663
4168
4270
4272
4170
4273
4275
4287
4290
4288
4291
4174
4310
4312
4176
4313
4315
4388
4704
4389
4707
4181
4182
4181
4182
4185
4186
4185
4186
4189
4190
4189
4190
4193
4194
4193
4194
4197
4198
4197
4198
4201
4202
4201
4202
4205
4206
4205
4206
4209
4210
4209
4210
4213
4214
4213
4214
4216
4363
4365
4420
4218
4360
4362
4418
4220
4292
4294
4222
4295
4297
4233
4346
4676
4231
4347
4679
4226
4547
4608
4549
4610
4346
4668
4347
4670
4232
4681
4234
4678
4236
4324
4580
4238
4325
4583
4240
4269
4288
4636
4492
4495
4244
4250
4246
4252
4307
4637
4309
4639
4250
4252
4649
4255
4366
4586
4618
4257
4368
4589
4621
4259
4260
4433
4262
4736
4263
4265
4739
4266
4329
4415
4331
4416
4507
4272
4513
4272
4680
4275
4515
4275
4677
4348
4544
4590
4278
4280
4281
4390
4585
4617
4283
4284
4391
4588
4620
4288
4685
4755
4291
4293
4294
4296
4297
4299
4302
4302
4305
4305
4307
4309
4311
4312
4314
4315
4317
4319
4321
4711
4323
4713
4388
4389
4327
4329
4608
4547
4331
4610
4549
4333
4334
4350
4336
4337
4351
4339
4340
4467
4342
4343
4464
4462
4463
4717
4348
4349
4545
4353
4355
4357
4453
4617
4359
4455
4620
4361
4362
4364
4365
4367
4672
4607
4369
4674
4609
4371
4373
4375
4574
4377
4671
4591
4379
4381
4383
4669
4577
4385
4612
4387
4614
4580
4583
4551
4584
4550
4587
4421
4423
4395
4757
4397
4655
4658
4401
4414
4404
4404
4686
4406
4407
4410
4410
4412
4414
4688
4690
4418
4420
4422
4484
4747
4424
4485
4749
4427
4427
4430
4430
4433
4433
4506
4435
4437
4439
4440
4442
4443
4445
4446
4447
4449
4450
4451
4453
4560
4600
4455
4562
4601
4457
4458
4460
4461
4484
4485
4465
4466
4727
4468
4469
4730
4471
4474
4474
4480
4570
4477
4477
4483
4572
4479
4480
4482
4483
4561
4563
4487
4489
4491
4492
4662
4494
4495
4664
4497
4498
4500
4504
4503
4504
4714
4627
4660
4507
4602
4636
4540
4558
4536
4556
4528
4623
4529
4592
4513
4536
4539
4515
4540
4543
4517
4629
4631
4519
4564
4546
4566
4521
4567
4548
4569
4524
4525
4524
4525
4619
4693
4622
4696
4535
4554
4532
4552
4531
4544
4642
4532
4593
4553
4534
4684
4719
4535
4624
4555
4539
4538
4539
4680
4557
4543
4542
4543
4677
4559
4545
4553
4547
4549
4728
4731
4556
4557
4558
4559
4719
4557
4559
4561
4563
4566
4566
4694
4569
4569
4697
4571
4573
4575
4577
4682
4717
4668
4579
4580
4706
4582
4583
4709
4585
4586
4588
4589
4591
4641
4670
4593
4643
4595
4596
4598
4599
4619
4692
4622
4695
4606
4605
4606
4643
4608
4610
4612
4614
4705
4733
4738
4708
4735
4741
4618
4619
4621
4622
4624
4685
4626
4627
4628
4630
4632
4632
4687
4634
4636
4638
4640
4642
4667
4643
4645
4646
4648
4669
4650
4703
4652
4671
4654
4655
4657
4658
4660
4666
4662
4664
4666
4715
4669
4671
4673
4675
4678
4678
4681
4681
4683
4684
4685
4687
4689
4691
4693
4694
4711
4696
4697
4713
4699
4701
4703
4706
4706
4709
4709
4711
4713
4715
4716
4718
4719
4721
4722
4724
4725
4727
4728
4730
4731
4733
4735
4737
4738
4740
4741
4743
4745
4747
4749
4751
4753
4755
4757
4757
)


// ************************************************************************* //
